Adenauerplatz		52.5		13.307222	1978	
AfrikanischeStrasse	52.560278	13.334722	1956	
Alexanderplatz		52.521389	13.411944	1913
Alt-Mariendorf		52.439722	13.3875		1966	
Alt-Tegel		52.589444	13.283611  	1958	
Alt-Tempelhof		52.465833	13.385556	1966	
AltstadtSpandau		52.538889	13.206389	1984	
AmrumerStrasse		52.5425		13.350278	1961	
AugsburgerStrasse	52.500556	13.336667	1961	
BayerischerPlatz	52.488611	13.34		1910
BerlinerStrasse		52.4875		13.331111	1971
BernauerStrasse		52.5375		13.396667	1930	
Biesdorf-Sued		52.499722	13.546389	1988	
Birkenstrasse		52.532222	13.341389	1961	
Bismarckstrasse		52.511389	13.304722	1978
Blaschkoallee		52.4525		13.449167	1963	
Blissestrasse		52.486389	13.321667	1971	
Boddinstrasse		52.480278	13.425278	1927	
Borsigwerke		52.581667	13.290556	1958	
Breitenbachplatz	52.466944	13.308611	1913	
BrandenburgerTor	52.516389	13.380833	2009	
Britz-Sued		52.437778	13.448333	1963	
Buelowstrasse		52.494167	13.3675		1902	
Bundestag		52.520014	13.373006	2009	
Bundesplatz		52.4775		13.328611	1971	
CottbusserPlatz		52.533889	13.596389	1989	
Dahlem-Dorf		52.4575		13.289722	1913	
DeutscheOper		52.511944	13.310556	1906	
EberswalderStrasse	52.541944	13.412222	1913	
EisenacherStrasse	52.489444	13.350278	1971	
ElsterwerdaerPlatz	52.505556	13.560556	1988	
Ernst-Reuter-Platz	52.512778	13.321667	1902	
FehrbellinerPlatz	52.490556	13.314444	1913
FrankfurterAllee	52.514167	13.474722	1930	
FrankfurterTor		52.515833	13.454167	1930	
Franz-Neumann-Platz	52.564722	13.363889	1987	
FranzoesischeStrasse	52.514722	13.389167	1923	
Friedrichsfelde		52.506111	13.512778	1930	
Friedrichstrasse	52.520278	13.386944	1923	
Friedrich-Wilhelm-Platz	52.471944	13.328611	1971	
Gesundbrunnen		52.548611	13.389444	1930	
Gleisdreieck		52.498333 	13.375278	1912
Gneisenaustrasse	52.491389	13.396111	1924	
GoerlitzerBahnhof	52.499	  	13.428		1902	
Grenzallee		52.463		13.445		1930	
Guentzelstrasse		52.491944	13.330833	1971	
Halemweg		52.536667	13.286389	1980	
HalleschesTor	   	52.497778  	13.391111	1902
Hansaplatz		52.517778	13.342222   	1961	
Haselhorst		52.538889	13.232778	1984	
Hauptbahnhof		52.52493	13.369181	2009	
Hausvogteiplatz		52.513056	13.396667	1908	
HeidelbergerPlatz	52.480278	13.3125		1913	
Heinrich-Heine-Strasse	52.510278	13.415833	1928	
Hellersdorf		52.536667	13.606389	1989	
Hermannplatz		52.487222	13.424722	1926
Hermannstrasse		52.468		13.431		1996	
Hoenow			52.538333	13.633889	1989	
Hohenzollernplatz	52.494167	13.324722	1913	
HolzhauserStrasse	52.575833	13.296111	1958	
InnsbruckerPlatz	52.478611	13.343889	1910	
Jakob-Kaiser-Platz	52.534444	13.293611	1980	
Jannowitzbruecke	52.515		13.418		1930	
JohannisthalerChaussee	52.429		13.453		1970	
Jungfernheide		52.53		13.299		1980	
Kaiserdamm		52.51		13.282222	1908	
Kaiserin-Augusta-Strasse	52.46	13.384722	1966	
Karl-Bonhoeffer-Nervenklinik	52.578	13.329		1994	
Karl-Marx-Strasse	52.476389	13.439167	1926	
Kaulsdorf-Nord		52.521111	13.588889	1989	
Kleistpark		52.490556	13.360278	1971	
Klosterstrasse		52.516111	13.412222	1913	
Kochstrasse		52.505833	13.390556	1923	
KonstanzerStrasse	52.494167	13.309444	1978	
KottbusserTor		52.499167  	13.418056	1902
KrummeLanke		52.443333	13.241111 	1929	
Kurfuerstendamm		52.504167	13.332778	1961
Kurfuerstenstrasse  	52.5		13.361944	1926	
Kurt-Schumacher-Platz	52.563333	13.3275		1956	
Leinestrasse		52.473611	13.428056	1929	
Leopoldplatz		52.546667	13.359167	1923
Lichtenberg		52.510556	13.496389	1930	
LindauerAllee		52.575278	13.339167	1994	
Lipschitzallee		52.425		13.463		1970	
Louis-Lewin-Strasse	52.538889	13.618333	1989	
Magdalenenstrasse	52.5125		13.486389	1930
MaerkischesMuseum	52.511944	13.408889	1913	
Mehringdamm		52.494444	13.388611	1924
Mendelssohn-Bartholdy-Park	52.503889	13.375	1998	
Mierendorffplatz	52.526389	13.305		1980	
Moeckernbruecke		52.499167  	13.382778	1902
Mohrenstrasse		52.511667	13.384722   	1908	
Moritzplatz		52.503611	13.410833	1928	
Naturkundemuseum	52.531111	13.3825		1923	
NauenerPlatz		52.551667	13.3675		1976	
Neu-Westend		52.515556	13.261111	1922	
NeueGrottkauerStrasse	52.528611	13.590556	1989	
Neukoelln		52.469167	13.441667	1930	
Nollendorfplatz	 	52.499167	13.353889	1902
Olympia-Stadion	 	52.517222	13.25		1913	
OnkelTomsHuette		52.450278	13.253333	1929
OranienburgerTor	52.525556	13.387222	1923	
Oskar-Helene-Heim	52.450278	13.266111	1929	
OsloerStrasse		52.556944	13.373611	1976
Otisstrasse		52.571111	13.302778	1958	
Pankow		       	52.566667	13.411111	2000	
Pankstrasse	       	52.552222	13.381667	1977	
Paracelsus-Bad		52.574167	13.349167	1987	
Paradestrasse		52.478056	13.386111	1927	
ParchimerAllee		52.445		13.45		1963	
Paulsternstrasse	52.538056	13.247778	1984	
PlatzderLuftbruecke	52.485556	13.385833	1926	
Podbielskiallee		52.464167	13.295833	1913	
PotsdamerPlatz		52.509444	13.375833	1902	
Prinzenstrasse	  	52.498333	13.406111	1902	
RathausNeukoelln	52.481667	13.434167	1926	
RathausReinickendorf	52.588333	13.325833	1994	
RathausSchoeneberg	52.483056	13.341944	1910	
RathausSpandau		52.535		13.200278	1984	
RathausSteglitz		52.456		13.321		1974	
Rehberge		52.557		13.341		1956	
ReinickendorferStrasse	52.54		13.370278	1923	
Residenzstrasse		52.571111	13.360556	1987	
Richard-Wagner-Platz	52.516944	13.306667	1906	
Rohrdamm		52.537222	13.2625		1980	
Rosa-Luxemburg-Platz	52.528333	13.410278	1913	
RosenthalerPlatz	52.53		13.401  	1930
RuedesheimerPlatz	52.473333	13.314444	1913	
Rudow			52.416111	13.495278	1972	
Ruhleben		52.525556	13.241389	1929	
Samariterstrasse	52.514722	13.464444	1930	
Scharnweberstrasse	52.566944	13.312778	1958	
Schillingstrasse	52.520556	13.421111	1930	
SchlesischesTor		52.500833  	13.441667	1902	
Schlossstrasse		52.460833	13.324444	1974	
SchoenhauserAllee	52.549444	13.413889	1913	
Schoenleinstrasse	52.492778	13.421944	1927	
Schwartzkopffstrasse	52.535278	13.377222	1923	
Seestrasse		52.548		13.347		1923	
Senefelderplatz		52.532222	13.4125		1913	
Siemensdamm		52.536667	13.273056	1980	
Sophie-Charlotte-Platz	52.510833	13.296667	1908	
Spichernstrasse		52.496667	13.331111	1959
Spittelmarkt		52.511111	13.403611	1908	
Stadtmitte		52.512222	13.389444	1908
StrausbergerPlatz	52.518056	13.430833	1930	
Suedstern		52.489444	13.407778	1924	
Tempelhof		52.470756	13.38535	1929	
Theodor-Heuss-Platz	52.509722	13.273056	1908	
Thielplatz		52.451111	13.281944	1913	
Tierpark		52.498056	13.522778	1973	
Turmstrasse		52.525833	13.341389	1961	
Uhlandstrasse	   	52.5025		13.325556	1913	
Ullsteinstrasse		52.453889	13.384444	1966	
Viktoria-Luise-Platz	52.496111	13.342778	1910	
Vinetastrasse		52.559444	13.413333	1930	
Voltastrasse		52.542222	13.393056	1930	
Walther-Schreiber-Platz	52.466111	13.328333	1971	
WarschauerStrasse	52.506		13.449		1902	
Weberwiese		52.516667	13.445		1930	
Wedding			52.5425		13.366111	1923	
Weinmeisterstrasse	52.525		13.405		1930	
Westhafen		52.536		13.344		1961	
Westphalweg		52.446		13.386		1966	
WilmersdorferStrasse	52.506389	13.306944	1978	
Wittenau		52.595833	13.336667	1994	
Wittenbergplatz		52.501944	13.343056	1902
Wuhletal		52.5125		13.575		1989	
Wutzkyallee		52.423		13.475		1970	
Yorckstrasse		52.492222	13.367778	1971	
Zitadelle		52.537778	13.217778	1984	
ZoologischerGarten	52.507222	13.3325		1902
ZwickauerDamm		52.423333	13.483889	1970	
