AdamsWabash			41.8795		-87.6261		1896
Addison				41.947462	-87.653636	1900
Argyle				41.973365	-87.658561	1885
Armitage				41.918234	-87.652659	1900
Asbury				42.023488	-87.690106	1925	1948
Ashland				41.839234	-87.665317	1993
Ashland63rd			41.77943		-87.66393	1969
Austin				41.870851	-87.776812	1960
Belmont				41.939562	-87.653345	1900
Berwyn				41.977833	-87.658683	1917
BrynMawr				41.983572	-87.658862	1908
Buena				41.9584		-87.657		1900	1949
California			41.921939	-87.69689	1895
Calvary				42.0249		-87.6779		1908	1931
Campbell				41.8845455	-87.6889638	0000	1948
Canal				41.8857382	-87.6398879	0000	1909	
Central				41.8701		-87.7648		1961	1973
CentralPark			41.853839	-87.714842	1951
Cermak				41.8520714	-87.6831692	1892	1977
CermakChinatown		41.853206	-87.630968	1969
Chicago				41.896679	-87.6282		1943
Cicero 				41.871574	-87.745154	1958
Clark				41.9436		-87.6534		1900	1949
ClarkDivision			41.90392		-87.631412	1943
ClarkLake			41.885767	-87.630886	1895
Clinton 				41.875539	-87.640984	1958
CongressWabash		41.8710434	-87.6444962	1897	1949
Conservatory 			41.884904 -87.716523		2001
CottageGrove			41.780309	-87.605857	1893	1991
CrawfordEast			42.0226686	-87.7266237	1925	1948
Cumberland			41.984246	-87.838028	1983
Damen				41.909744	-87.677437	1895
Davis  				42.04771		-87.68363	1908
DearbornVanBuren		41.8821429	-87.6293564	1897	1949
Dempster			42.04187		-87.68237	1908
Diversey				41.932748	-87.653155	1900
Division				41.903355	-87.666496	1951
Dodge				42.0230112	-87.699515	1925	1948
Dorchester			41.780829	-87.591236	0000	1973
DouglasPark			41.8546268	-87.6991618	0000	1952
Drake				41.6856485	-87.7091031	0000	1951
FifthLake				41.885519	-87.626037	1895	1899
ForestPark			41.874257	-87.817318	1905
Foster				42.054136	-87.683604	1908
Francisco 			41.966155	-87.702099	1907
Fullerton				41.925051	-87.652866	1900
Garfield				41.79542		-87.631157	1969
Grace				41.9511		-87.6537		1900	1949
Grand				41.891665	-87.628021	1943
Granville				41.993731	-87.659148	1908
Halsted				41.9115		-87.6483		1900	1949
Hamlin				41.8853043	-87.720928	0000	1956
Harlem				41.955417	-87.808056	1983
HaroldWashingtonLibraryStateVanBuren		41.876862	-87.628196	1897
Harrison				41.874039	-87.627479	1943
Harvard				41.7799224	-87.6330686	0000	1992
Homan				41.8535624	-87.7101334	0000	1951
Howard				42.019161	-87.673093	1908
IllinoisMedicalDistrict	41.875706	-87.673932	1958
Indiana 				41.821732	-87.621371	1892
IrvingPark			41.952964	-87.729263	1970
Isabella				42.069		-87.6885		1912	1973
Jackson				41.878153	-87.627596	1943
Jarvis				42.015876	-87.669092	1908
JeffersonPark			41.970766	-87.761232	1970
Kedzie				41.966099	-87.709426	1907
Kedzie-Homan		41.874341	-87.70604	1958
Kenton				41.8520714	-87.6831692	0000	1951
Kimball				41.967628	-87.712934	1907
KingDrive 			41.78013		-87.615546	1893
Kinzie				41.891665	-87.628021	1900	1921
Kostner				41.8734		-87.735		1962	1973
LaSalle				41.875568	-87.631722	1951
LaSalleVanBuren		41.8768		-87.631739	1897
Lake				41.884809	-87.627813	1943
LakeStreetTransfer		41.8852606	-87.6694025	0000	1951
Laramie				41.8518		-87.7538		1910
Larrabee				41.9104		-87.6434		1900	1949
Lawndale				41.951504	-87.720546	0000	1951
Lawrence				41.969139	-87.658493	1923
Linden				42.07379		-87.69056	1912	1993
LoganSquare			41.929728	-87.708541	1895
Lombard				41.8526052	-87.7786896	0000
Loomis				41.8854212	-87.6624208	0000	1954
Loyola				42.001076	-87.660974	1908
Madison				41.8814387	-87.669899	0000	1951
MadisonWabash		41.882023	-87.626098	1896
MadisonWells			41.8819851	-87.6338017	1897	1994
Main				42.03333		-87.67925	1908
Marion				41.8867619	-87.8025427	0000	1962
Menard				41.8878928	-87.7698934	0000	1948
MerchandiseMart		41.888675	-87.633966	1930
Midway				41.78661		-87.737875	1993
Monroe				41.880745	-87.627696	1943
Montrose 			41.961539	-87.743574	1970
Morgan				41.8856		-87.6522		1893
Morse				42.00819		-87.66595	1908
NorthClyboum			41.910655	-87.649177	1943
Noyes				42.058088	-87.683196	1908
OHare				41.981127	-87.900876	1984
Oak					41.9004951	-87.6365811	1906	1949	
OakPark				41.872108	-87.791602	1960
Oakley				41.8847081	-87.6840528	0000	1948
Oakton				42.0273		-87.7476		1925	1948
Parnell				41.8781136	-87.6297982	0000	1949
Paulina				41.943722	-87.670858	1907
Pershing				41.8232397	-87.6702003	1892	1949
Polk 				41.871551	-87.66953	1896
Princeton				41.7835995	-87.6326881	0000	1949
Pulaski				41.873797	-87.725663	1958
Quincy				41.878752	-87.633703	1897
Racine				41.87592		-87.659458	1958
RandolphWabash		41.884431	-87.626149	1896
RandolpheWells		41.8845889	-87.6339228	1897	1995
Ravenswood			41.9652		-87.6753		1907	1949
Ridge				42.021563	-87.6848752	1925	1948
Ridgeland			41.8539138	-87.6819961	0000	1952
Rockwell 				41.966208	-87.69472	1907
Roosevelt			41.867368	-87.627402	1943
RooseveltWabash		41.86745		-87.62688	1892
Rosemont			41.983507	-87.859388	1983
Sacramento			41.8840168	-87.7012747	0000	1948
Schiller				41.9076461	-87.6370846	1900	1949
Sedgwick				41.910397	-87.638631	1900
Sheridan				41.953883	-87.655269	1900
Skokie				42.040278	-87.752222	1925
SouthBoulevard		42.02792		-87.67919	1931
Southport			41.943832	-87.663383	1907
Sox35				41.831191	-87.630636	1969
State				41.7873703	-87.6255028	0000	1973
StateLake				41.88574		-87.627835	1895
StateVanBuren			41.876862	-87.628196	1897	1973
Thorndale			41.990133	-87.659082	1915
UIC-Halsted			41.875474	-87.649707	1958
University			41.7805385	-87.5961674	1893	1994
Washington			41.8837		-87.6278		1943	2006
WashingtonWells		41.882541	-87.633824	1995
Webster				41.9214		-87.6527		1900	1949
Wellington			41.936203	-87.653239	1900
Wentworth			41.7864382	-87.6302955	0000	1992
Western				41.916157	-87.687364	1895
Willow				41.9145		-87.6525		1905	1942
Wilson				41.965285	-87.657965	1900
Wood				41.8540932	-87.6709697	0000	1957
Wrightwood			41.9287		-87.653		1900	1949
14thPlace			41.8623299	-87.6687726	0000	1951
18th				41.8583333	-87.6180556	1892	1949		
26th				41.8454527	-87.6374424	1892	1949
29th				41.8400401	-87.672761	1892	1949
31st					41.8367762	-87.7389787	1892	1949
33rd				41.8342787	-87.6559166	1892	1949
35-Bronzeville-IIT		41.831677	-87.625826	1892	1996
35thArcher			41.829353	-87.680622	1993
43rd				41.816462	-87.619021	1892	1996
47th				41.810318	-87.63094	1892	
50thAvenue			41.8517521	-87.7491611	0000	1978
51st					41.8022		-87.61903	1892
54thCermak			41.851663	-87.759598	1912
58th				41.7897		-87.6182		1893	1994
58thAvenue			41.8527621	-87.7688683	0000	1952
61st					41.7838531	-87.6178704	1893	1994
63rd				41.780536	-87.630952	1969
69th				41.768367	-87.625724	1969
79th				41.750419	-87.625112	1969
87th				41.735372	-87.624717	1969
95thDanRyan			41.722596	-87.624391	1969
