Acatitla	19.364737	-99.005892	1991
Aculco	19.374069	-99.108095	1994
AgricolaOriental	19.404835	-99.069901	1991
Allende	19.435514	-99.137406	1970
Apatlaco	19.379292	-99.109597	1994
AquilesSerdan	19.490423	-99.19487	1988
Aragon	19.451236	-99.095886	1981
Atlalilco	19.356134	-99.101315	1994
Auditorio	19.425498	-99.191995	1984
AutobusesdelNorte	19.478973	-99.140668	1982
Azcapotzalco	19.490989	-99.186416	1983
Balbuena	19.423231	-99.102302	1969
Balderas	19.42744	-99.149036	1969
BarrancadelMuerto	19.360648	-99.190149	1985
BellasArtes	19.436243	-99.141955	1970
Bondojito	19.46461	-99.111958	1981
BosquedeAragon	19.458115	-99.069192	1999
BoulevardPtoAereo	19.41967	-99.09595	1969
Buenavista	19.446603	-99.153199	1999
Camarones	19.479135	-99.190063	1988
CanaldeSanJuan	19.398683	-99.059365	1991
CanaldelNorte	19.449112	-99.116507	1981
Candelaria	19.428837	-99.119511	1969
CdelaEstrella	19.356012	-99.085522	1994
CentroMedico	19.406637	-99.155753	1980
Chabacano	19.408438	-99.135754	1970
Chapultepec	19.420783	-99.176288	1969
Chilpancigo	19.406131	-99.168477	1988
CiudadAzteca	19.534595	-99.0275	2000
CiudadDeportiva	19.408357	-99.091229	1987
ColegioMilitar	19.449354	-99.172254	1970
Constde1917	19.34593	-99.063892	1994
Constituyentes	19.411858	-99.191265	1985
Consulado	19.457893	-99.113932	1981
Copilco	19.335887	-99.176652	1983
Coyoacan	19.361417	-99.170709	1983
Coyuya	19.398521	-99.113545	1994
CuatroCaminos	19.459592	-99.215899	1984
Cuauhtemoc	19.425862	-99.154701	1969
Cuitlahuac	19.457448	-99.182038	1970
Deportivo18deMarzo	19.483747	-99.126549	1979
DeportivoOceania	19.451034	-99.07917	1999
DivisiondelNorte	19.380021	-99.158885	1980
Doctores	19.421612	-99.143372	1994
Ecatepec	19.515301	-99.035997	2000
EduardoMolina	19.451378	-99.105434	1981
ElRosario	19.504541	-99.20002	1988
Ermita	19.361883	-99.142942	1970
Escuadron201	19.36492	-99.109554	1994
EtiopiaPlazadelaTransparencia	19.395586	-99.156268	1980
Eugenia	19.385466	-99.157469	1980
Ferreria	19.490746	-99.173841	1983
FloresMagon	19.436567	-99.103675	1999
FrayServando	19.421633	-99.120541	1982
GaribaldiLagunilla	19.444458	-99.139724	1994
GeneralAnaya	19.353259	-99.145002	1970
GomezFarias	19.416472	-99.09035	1969
Guelatao	19.385162	-99.03574	1991
Guerrero	19.445146	-99.145389	1970
Hangares	19.424142	-99.087496	1981
Hidalgo	19.437295	-99.147105	1970
HospitalGeneral	19.413578	-99.153886	1970
Impulsora	19.485851	-99.048915	2000
IndiosVerdes	19.495358	-99.119468	1979
InstitutodelPetroleo	19.489573	-99.14526	1982
Insurgentes	19.423292	-99.163177	1969
IsabellaCatolica	19.426732	-99.137685	1969
Iztacalco	19.388562	-99.112215	1994
Iztapalapa	19.357834	-99.093461	1994
Jamaica	19.409004	-99.122171	1982
Juanacatlan	19.41289	-99.182167	1970
Juarez	19.433167	-99.147792	1970
LaPaz	19.350526	-98.960745	1991
LaRaza	19.470153	-99.136891	1978
LaViga	19.406495	-99.126248	1994
LaVillaBasilica	19.481522	-99.117923	1986
Lagunilla	19.443386	-99.131334	1999
LazaroCardenas	19.40696	-99.144874	1987
Lindavista	19.487712	-99.13466	1986
LosReyes	19.358968	-98.976903	1991
MartinCarrera	19.484921	-99.104404	1981
Merced	19.425558	-99.124639	1969
MiguelAngeldeQuevedo	19.346395	-99.18103	1983
Misterios	19.463315	-99.130797	1982
Mixcoac	19.375891	-99.187531	1985
Mixiuhca	19.408478	-99.112902	1987
Moctezuma	19.427218	-99.110305	1969
Morelos	19.438974	-99.118266	1981
Muzquiz	19.501629	-99.042048	2000
Nativitas	19.379474	-99.140217	1970
Nezahualcoyotl	19.473066	-99.054537	2000
NinosHeroes	19.419508	-99.150581	1970
Normal	19.4444	-99.1674	1970
Norte45	19.488683	-99.162769	1983
Obrera	19.413558	-99.144187	1994
Observatorio	19.398237	-99.200363	1971
Oceania	19.445672	-99.087238	1981
Olimpica	19.521328	-99.033422	2000
Panteones	19.458763	-99.203153	1984
Pantitlan	19.415359	-99.072132	1981
Patriotismo	19.406212	-99.178905	1988
PenonViejo	19.37332	-99.017093	1991
PinoSuarez	19.425336	-99.132943	1969
PlazaAragon	19.528447	-99.030118	2000
Polanco	19.433511	-99.191029	1984
Politecnico	19.50082	-99.149294	1982
Popotla	19.452147	-99.1747	1970
Portales	19.3698	-99.1416	1970
Potrero	19.47691	-99.132171	1979
Puebla	19.407142	-99.082432	1987
Refineria	19.469951	-99.190578	1988
Revolucion	19.439561	-99.155431	1970
RiodelosRemedios	19.490908	-99.046597	2000
RomeroRubio	19.440735	-99.094362	1999
SaltodelAgua	19.426813	-99.142213	1969
SanAntonioAbad	19.418597	-99.134145	1970
SanCosme	19.441706	-99.161096	1970
SanJoaquin	19.445793	-99.191823	1984
SanJuandeLetran	19.431305	-99.141569	1994
SanLazaro	19.430213	-99.114833	1969
SantaAnita	19.40273	-99.121699	1982
SantaMarta	19.36	-98.994863	1991
Sevilla	19.421916	-99.17058	1969
SnAntonio	19.384757	-99.186308	1985
SnPedrodelosPinos	19.391275	-99.186051	1985
Tacuba	19.459349	-99.189205	1970
Tacubaya	19.403439	-99.187102	1970
Talisman	19.47428	-99.108009	1981
Tasquena	19.344168	-99.142685	1970
Tepalcates	19.391335	-99.046383	1991
Tepito	19.442495	-99.12333	1999
TerminalAerea	19.433734	-99.087667	1981
Tezozomoc	19.495116	-99.196286	1983
Tlatelolco	19.454979	-99.142814	1970
UAMI	19.351234	-99.074707	1994
Universidad	19.324427	-99.17397	1983
ValleGomez	19.458742	-99.119296	1982
Vallejo	19.490625	-99.15586	1983
Velodromo	19.408478	-99.103074	1987
Viaducto	19.400808	-99.136891	1970
VilladeAragon	19.461656	-99.061704	1999
VilladeCortes	19.38753	-99.138994	1970
ViverosDerechosHumanos	19.353724	-99.176052	1983
Xola	19.3952	-99.1377	1970
Zapata	19.370952	-99.164937	1980
Zaragoza	19.412344	-99.08241	1969
Zocalo	19.433248	-99.1329	1970
