AlfonsX			41.411667	2.165278	1974
Almeda			41.3531079	2.0853534	1985
ArcdeTriomf		41.391389	2.179722	1926		
Artigues-SantAdria	41.433		2.217		1995		
AvingudaCarrilet		41.358		2.103		1926		
AvingudaTibidabo	41.405833	2.138611	1954
BacdeRoda		41.413611	2.193889	1995		
Badal			41.376		2.129		1959		
BadalonaCentre		41.451667	2.251389	1995		
Barceloneta		41.3824734	2.1856404	0000
BarodeViver		41.448333	2.200278	1926		
Bellvitge		41.351389	2.111944	1926		
Besos		41.420161	2.209283	2010
BesosMar		41.414722	2.216667	1982
Bogatell		41.3949555	2.1913117	0000
BonPastor		41.436147	2.205226	2009
Campdel'Arpa		41.415		2.181111	1959		
CanBoixeres		41.366342	2.090686	1959		
CanCuias		41.4632		2.17181		2007
CanPeixauet		41.444444	2.209722	2009		
CanSerra		41.367222	2.103056	1926		
CanVidalet		41.371111	2.099444	1959		
Canyelles		41.442778	2.167778	1924		
CanZam			41.4575		2.198056	2009		
Casadel'Aigua		41.452778	2.186111	2007
Catalunya		41.386944	2.17		1926		
CiutatMeridiana		41.4609		2.1744		2007
Ciutadella-VilaOlimpica	41.3880115	2.1934722	0000
Clot			41.408611	2.186667	1926	
Collblanc		41.375556	2.120556	1959		
Congres			41.423333	2.180556	1959		
CornellaCentre		41.358		2.071		1959		
Cornella-Riera		41.351389	2.070556	1985
DiagonalProvenca	41.394722	2.159722	1924		
Drassanes		41.377		2.176		1924		
ElCarmel		41.424722	2.155278	1959		
ElCollLaTeixonera	41.420278	2.149722	1959		
ElMaresme-Forum		41.4119199	2.2175563	0000
ElPutxet		41.405833	2.139167	1953
Encants			41.406859	2.1824183	1995		
Entenca			41.384		2.145		1959		
ErnestLluch		41.376533	2.111914	1959		
EsglesiaMajor		41.454167	2.212222	2009		
Espanya			41.374722	2.149167	1926		
Europa-Fira		41.356978	2.124908	2007	
FabraiPuig		41.431		2.183		1926		
Florida			41.367778	2.111944	1926		
Fondo			41.451667	2.218333	1926		
Fontana			41.4025		2.1525		1925		
Gavarra			41.356944	2.079444	1959		
Glories			41.403333	2.186944	1926	
Gornal			41.3607857	2.1191547	0000
Gorg			41.440461	2.233833	1995		
Gracia			41.399556	2.152167	1929
Girona			41.3943963	2.1703879	0000
Guinardo		41.416042	2.174364	2009
Guinardo-HospitaldeSantPau		41.416042	2.174364	0000
Horta			41.429444	2.161944	1959
HospitalClinic		41.387778	2.150278	1959
HospitaldeBellvitge	41.343333	2.105278	1989
Hostafrancs		41.375278	2.143611	1926
IldefonsCerda		41.3608		2.13028		1987
JaumeI			41.383611	2.178611	1926
Joanic			41.405556	2.163056	1973
LaSagrera		41.4225		2.186944	2009
LaBonanova		41.3976666	2.1361493	1952
LaPau			41.4232473	2.2059534	1995
LaSalut			41.4432553	2.2245523	2010
LesCorts		41.3842669	2.1313420	1924
Lesseps			41.4066258	2.1498893	1924	
LesTresTorres		41.397842	2.1309		1952
Liceu			41.3812172	2.1732213	1924	
Llacuna			41.3990906	2.1970859	0000
Llefia			41.441311	2.217503	2010
Llucmajor		41.4372495	2.1732500	0000
Magoria-LaCampana	41.3675		2.139444	1997
Maragall		41.4240999	2.1778686	1959		
MariaCristina		41.3879510	2.1264477	1924		
Marina			41.394444	2.186667	1926		
MercatNou		41.373333	2.133889	1926		
MoliNou-CiutatCooperativa	41.3575065	2.0353131	2000
Montbau			41.4300463	2.1448117	1924		
Monumental		41.4002363	2.1800119	1995		
Mundet			41.4352471	2.1492222	1924		
Muntaner		41.3986303	2.1428632	1954
Navas			41.415556	2.186944	1926	
OnzedeSetembre		41.4296460	2.1930525	2009		
Padua			41.4033258	2.1430586	1953
PalauReial		41.3860870	2.1186695	1924		
Parallel		41.3749806	2.1682187	1924		
PasseigdeGracia		41.39		2.167778	1995		
Penitents		41.4175081	2.1409821	1924		
PepVentura		41.4442315	2.2381800	1995		
PlacadelCentre		41.3820112	2.1361939	1924		
PlacadeSants		41.375278	2.136389	1926		
PlacaMolina		41.4013236	2.1474274	1954
Poblenou		41.4032281	2.2026098	0000
PobleSec		41.3749930	2.1605117	1924
PubillaCases		41.3730575	2.1061430	1959
RamblaJustOliveras	41.3633		2.1		1926		
ReinaElisenda		41.3987655	2.1180732	1976
Rocafort		41.378889	2.154444	1926		
Roquetes		41.4473182	2.1757584	1924		
SagradaFamilia		41.4043724	2.1747257	1959		
Sagrera			41.4223244	2.1873159	1926
SantaColoma		41.4510042	2.2081678	1926		
SantaEulalia		41.3686		2.1275		1926		
SantAndreu		41.4357316	2.1913321	1926		
SantAntoni		41.3790991	2.1632566	1995		
SantBoi			41.3483589	2.0432341	1912
SantGervasi		41.4009674	2.1471976	1929	
SantIldefons		41.3632586	2.0835869	1959		
SantJosep		41.3609109	2.1107113	1985	
SantMarti		41.4175		2.198333	1997		
SantPau-DosdeMaig	41.4111247	2.1759585	1959		
SantRoc			41.4351931	2.2280478	1995		
SantsEstacio		41.3788741	2.1397178	1924		
Sarria			41.3984539	2.1252884	1929
SelvadeMar		41.4083198	2.2095906	0000
Singuerlin		41.4599481	2.2056038	2009		
Tarragona		41.3784554	2.1454021	1924		
Tetuan			41.3948906	2.1756773	1995		
TorrasiBages		41.4423830	2.1908985	1926		
Torrassa		41.368611	2.116111	1926	
TorreBaro-Vallbona	41.4590213	2.1798934	2007
TrinitatNova		41.4488978	2.1825782	1924
TrinitatVella		41.4492121	2.1933675	1926		
Universitat		41.385278	2.163611	1926	
Urgell			41.382222	2.158889	1926	
Urquinaona		41.389167	2.173333	1926		
Vallcarca		41.4116380	2.1452035	1924		
Valldaura		41.4380738	2.1566879	1924		
Valld'Hebron		41.4247367	2.1429799	1924
Verdaguer		41.3997990	2.1682979	1959		
Verneda			41.4300128	2.2099884	1995	
ViaJulia		41.4436933	2.1786248	0000
Vilapicina		41.4302573	2.1681827	1959		
VirreiAmat		41.4301560	2.1747153	1959		
ZonaUniversitaria	41.3843518	2.1119170	1924	
